Dihotomy method
Starting with: [ 1.570796 ;-1.570796 ]
----------------------------------------------------------
 Iter	| (a+b)/2	| F((a+b)/2)	|     a 	|     b 	|  a/b   |
----------------------------------------------------------
1	|  0.000000	|  0.000000	|  0.000010	|  -1.570796	|  0.000006  
2	|  -0.785393	|  -0.707103	|  -0.785383	|  -1.570796	|  0.499990  
3	|  -1.178090	|  -0.923877	|  -1.178080	|  -1.570796	|  0.749989  
4	|  -1.374438	|  -0.980784	|  -1.374428	|  -1.570796	|  0.874988  
5	|  -1.472612	|  -0.995184	|  -1.472602	|  -1.570796	|  0.937488  
6	|  -1.521699	|  -0.998795	|  -1.521689	|  -1.570796	|  0.968737  
7	|  -1.546243	|  -0.999699	|  -1.546233	|  -1.570796	|  0.984362  
8	|  -1.558515	|  -0.999925	|  -1.558505	|  -1.570796	|  0.992175  
9	|  -1.564650	|  -0.999981	|  -1.564640	|  -1.570796	|  0.996081  
10	|  -1.567718	|  -0.999995	|  -1.567708	|  -1.570796	|  0.998034  
11	|  -1.569252	|  -0.999999	|  -1.569242	|  -1.570796	|  0.999011  
12	|  -1.570019	|  -1.000000	|  -1.570009	|  -1.570796	|  0.999499  
13	|  -1.570403	|  -1.000000	|  -1.570393	|  -1.570796	|  0.999743  
14	|  -1.570595	|  -1.000000	|  -1.570585	|  -1.570796	|  0.999865  
15	|  -1.570690	|  -1.000000	|  -1.570680	|  -1.570796	|  0.999926  
16	|  -1.570738	|  -1.000000	|  -1.570728	|  -1.570796	|  0.999957  
Number of iter: 16
-1.000000

Golden ratio method
Starting with: [ 1.570796 ;-1.570796 ]
----------------------------------------------------------
 Iter	| (a+b)/2	| F((a+b)/2)	|     a 	|     b 	|  a/b   |
----------------------------------------------------------
1	|  2.565896	|  0.544419	|  1.570796	|  3.560995	|  0.441112  
2	|  4.191391	|  -0.867323	|  4.821786	|  3.560995	|  1.354056  
3	|  5.221142	|  -0.873353	|  4.821786	|  5.620497	|  0.857893  
4	|  4.568795	|  -0.989708	|  4.821786	|  4.315803	|  1.117240  
5	|  4.982057	|  -0.963860	|  4.821786	|  5.142327	|  0.937666  
6	|  4.720255	|  -0.999969	|  4.821786	|  4.618724	|  1.043965  
7	|  4.554404	|  -0.987546	|  4.490084	|  4.618724	|  0.972148  
8	|  4.659471	|  -0.998600	|  4.700217	|  4.618724	|  1.017644  
9	|  4.726030	|  -0.999907	|  4.700217	|  4.751843	|  0.989136  
10	|  4.683865	|  -0.999593	|  4.700217	|  4.667512	|  1.007007  
11	|  4.710577	|  -0.999998	|  4.700217	|  4.720936	|  0.995611  
12	|  4.727499	|  -0.999886	|  4.734061	|  4.720936	|  1.002780  
13	|  4.716779	|  -0.999990	|  4.712621	|  4.720936	|  0.998239  
14	|  4.709987	|  -0.999997	|  4.712621	|  4.707354	|  1.001119  
15	|  4.714290	|  -0.999998	|  4.712621	|  4.715958	|  0.999292  
16	|  4.711564	|  -1.000000	|  4.712621	|  4.710507	|  1.000449  
17	|  4.713291	|  -1.000000	|  4.712621	|  4.713960	|  0.999716  
18	|  4.712197	|  -1.000000	|  4.712621	|  4.711773	|  1.000180  
19	|  4.712890	|  -1.000000	|  4.712621	|  4.713159	|  0.999886  
20	|  4.712451	|  -1.000000	|  4.712621	|  4.712281	|  1.000072  
21	|  4.712173	|  -1.000000	|  4.712065	|  4.712281	|  0.999954  
22	|  4.712349	|  -1.000000	|  4.712417	|  4.712281	|  1.000029  
Number of iter: 22
-1.000000
Fibbonachi method
Starting with: [ 1.570796 ;-1.570796 ]
----------------------------------------------------------
 Iter	| (a+b)/2	| F((a+b)/2)	|     a 	|     b 	|  a/b   |
----------------------------------------------------------
23	|  0.000000	|  0.000000	|  1.570796	|  -1.570796	|  1.000000  
22	|  -0.599991	|  -0.564635	|  0.370815	|  -1.570796	|  0.236068  
21	|  -0.970806	|  -0.825341	|  -0.370815	|  -1.570796	|  0.236068  
20	|  -1.199982	|  -0.932032	|  -0.829167	|  -1.570796	|  0.527864  
19	|  -1.341620	|  -0.973854	|  -1.112444	|  -1.570796	|  0.708204  
18	|  -1.429158	|  -0.989986	|  -1.287519	|  -1.570796	|  0.819660  
17	|  -1.483259	|  -0.996171	|  -1.395721	|  -1.570796	|  0.888544  
16	|  -1.516695	|  -0.998537	|  -1.462594	|  -1.570796	|  0.931116  
15	|  -1.537360	|  -0.999441	|  -1.503924	|  -1.570796	|  0.957428  
14	|  -1.550132	|  -0.999786	|  -1.529467	|  -1.570796	|  0.973689  
13	|  -1.558025	|  -0.999918	|  -1.545253	|  -1.570796	|  0.983739  
12	|  -1.562903	|  -0.999969	|  -1.555010	|  -1.570796	|  0.989950  
11	|  -1.565918	|  -0.999988	|  -1.561040	|  -1.570796	|  0.993789  
10	|  -1.567781	|  -0.999995	|  -1.564766	|  -1.570796	|  0.996161  
9	|  -1.568933	|  -0.999998	|  -1.567070	|  -1.570796	|  0.997628  
8	|  -1.569645	|  -0.999999	|  -1.568493	|  -1.570796	|  0.998533  
7	|  -1.570085	|  -1.000000	|  -1.569374	|  -1.570796	|  0.999094  
6	|  -1.570356	|  -1.000000	|  -1.569916	|  -1.570796	|  0.999439  
5	|  -1.570525	|  -1.000000	|  -1.570254	|  -1.570796	|  0.999655  
4	|  -1.570627	|  -1.000000	|  -1.570458	|  -1.570796	|  0.999784  
3	|  -1.570695	|  -1.000000	|  -1.570593	|  -1.570796	|  0.999871  
2	|  -1.570729	|  -1.000000	|  -1.570661	|  -1.570796	|  0.999914  
Number of iter: 23
-1.000000
