Dihotomy method
Starting with: [ 1.57079633 ;-1.57079633 ]
----------------------------------------------------------
 Iter	| (a+b)/2	| F((a+b)/2)	|     a 	|     b 	|  a/b   |
----------------------------------------------------------
1	|  0.00000000	|  0.00000000	|  0.00001000	|  -1.57079633	|  0.00000637  
2	|  -0.78539316	|  -0.70710325	|  -0.78538316	|  -1.57079633	|  0.49999045  
3	|  -1.17808975	|  -0.92387666	|  -1.17807975	|  -1.57079633	|  0.74998886  
4	|  -1.37443804	|  -0.98078357	|  -1.37442804	|  -1.57079633	|  0.87498806  
5	|  -1.47261218	|  -0.99518381	|  -1.47260218	|  -1.57079633	|  0.93748767  
6	|  -1.52169925	|  -0.99879498	|  -1.52168925	|  -1.57079633	|  0.96873747  
7	|  -1.54624279	|  -0.99969858	|  -1.54623279	|  -1.57079633	|  0.98436237  
8	|  -1.55851456	|  -0.99992458	|  -1.55850456	|  -1.57079633	|  0.99217482  
Number of iters: 8
-0.99992458

Golden ratio method
Starting with: [ 1.57079633 ;-1.57079633 ]
----------------------------------------------------------
 Iter	| (a+b)/2	| F((a+b)/2)	|     a 	|     b 	|  a/b   |
----------------------------------------------------------
1	|  -0.59999081	|  -0.56463489	|  0.37081471	|  -1.57079633	|  0.23606798  
2	|  -0.97080551	|  -0.82534080	|  -0.37081468	|  -1.57079633	|  0.23606796  
3	|  -1.19998161	|  -0.93203242	|  -0.82916689	|  -1.57079633	|  0.52786403  
4	|  -1.34162022	|  -0.97385389	|  -1.11244411	|  -1.57079633	|  0.70820392  
5	|  -1.42915770	|  -0.98998601	|  -1.28751908	|  -1.57079633	|  0.81966010  
6	|  -1.48325884	|  -0.99617104	|  -1.39572136	|  -1.57079633	|  0.88854381  
7	|  -1.51669519	|  -0.99853689	|  -1.46259404	|  -1.57079633	|  0.93111629  
8	|  -1.53735998	|  -0.99944106	|  -1.50392364	|  -1.57079633	|  0.95742752  
9	|  -1.55013153	|  -0.99978649	|  -1.52946673	|  -1.57079633	|  0.97368876  
10	|  -1.55802478	|  -0.99991844	|  -1.54525323	|  -1.57079633	|  0.98373876  
11	|  -1.56290308	|  -0.99996885	|  -1.55500983	|  -1.57079633	|  0.98995000  
Number of iters: 11
-0.99998182
Fibbonachi method
Starting with: [ 1.57079633 ;-1.57079633 ]
----------------------------------------------------------
 Iter	| (a+b)/2	| F((a+b)/2)	|     a 	|     b 	|  a/b   |
----------------------------------------------------------
23	|  0.00000000	|  0.00000000	|  1.57079633	|  -1.57079633	|  1.00000000  
22	|  -0.59999081	|  -0.56463489	|  0.37081471	|  -1.57079633	|  0.23606798  
21	|  -0.97080552	|  -0.82534081	|  -0.37081471	|  -1.57079633	|  0.23606798  
20	|  -1.19998161	|  -0.93203242	|  -0.82916690	|  -1.57079633	|  0.52786404  
19	|  -1.34162023	|  -0.97385390	|  -1.11244414	|  -1.57079633	|  0.70820393  
18	|  -1.42915771	|  -0.98998601	|  -1.28751909	|  -1.57079633	|  0.81966011  
17	|  -1.48325885	|  -0.99617104	|  -1.39572137	|  -1.57079633	|  0.88854382  
16	|  -1.51669519	|  -0.99853689	|  -1.46259404	|  -1.57079633	|  0.93111629  
15	|  -1.53735999	|  -0.99944106	|  -1.50392366	|  -1.57079633	|  0.95742754  
14	|  -1.55013152	|  -0.99978649	|  -1.52946671	|  -1.57079633	|  0.97368875  
13	|  -1.55802480	|  -0.99991845	|  -1.54525327	|  -1.57079633	|  0.98373879  
12	|  -1.56290305	|  -0.99996885	|  -1.55500977	|  -1.57079633	|  0.98994997  
11	|  -1.56591808	|  -0.99998810	|  -1.56103983	|  -1.57079633	|  0.99378882  
10	|  -1.56778130	|  -0.99999545	|  -1.56476627	|  -1.57079633	|  0.99616115  
9	|  -1.56893311	|  -0.99999826	|  -1.56706989	|  -1.57079633	|  0.99762767  
8	|  -1.56964452	|  -0.99999934	|  -1.56849271	|  -1.57079633	|  0.99853347  
7	|  -1.57008492	|  -0.99999975	|  -1.56937350	|  -1.57079633	|  0.99909420  
6	|  -1.57035593	|  -0.99999990	|  -1.56991553	|  -1.57079633	|  0.99943927  
5	|  -1.57052531	|  -0.99999996	|  -1.57025430	|  -1.57079633	|  0.99965493  
4	|  -1.57062694	|  -0.99999999	|  -1.57045756	|  -1.57079633	|  0.99978433  
3	|  -1.57069470	|  -0.99999999	|  -1.57059307	|  -1.57079633	|  0.99987060  
2	|  -1.57072857	|  -1.00000000	|  -1.57066082	|  -1.57079633	|  0.99991373  
Number of iters: 24
-1.00000000
